S.No,Facebook,Instagram,Whatsapp,Users
1,14,599,378,991
2,714,459,749,1922
3,379,72,744,1195
4,171,744,457,1372
5,915,30,343,1288
6,667,187,832,1686
7,992,824,627,2443
8,288,868,286,1442
9,495,782,300,1577
10,193,125,111,429
11,592,991,797,2380
12,277,172,971,1420
13,537,543,474,1554
14,217,704,584,1505
15,872,970,102,1944
16,265,137,53,455
17,295,911,616,1822
18,705,334,482,1521
19,721,445,388,1554
20,469,65,95,629
21,23,50,647,720
22,557,943,405,1905
23,260,635,408,1303
24,726,42,540,1308
25,925,332,1000,2257
26,668,288,680,1636
27,123,739,534,1396
28,416,123,329,868
29,228,439,921,1588
30,58,407,534,999
31,151,109,911,1171
32,695,837,55,1587
33,213,804,596,1613
34,729,126,328,1183
35,413,924,117,1454
36,461,628,928,2017
37,992,871,885,2748
38,166,87,900,1153
39,184,251,998,1433
40,305,703,559,1567
41,218,197,693,1108
42,31,185,725,941
43,765,491,76,1332
44,840,497,93,1430
45,723,719,705,2147
46,147,223,922,1292
47,329,611,389,1329
48,881,33,70,984
49,895,320,922,2137
50,404,719,446,1569
51,325,988,935,2248
52,271,540,300,1111
53,316,850,807,1973
54,294,853,626,1773
55,100,963,280,1343
56,728,247,916,1891
57,961,120,183,1264
58,43,424,475,942
59,650,402,759,1811
60,51,504,928,1483
61,73,643,667,1383
62,730,232,54,1016
63,868,12,958,1838
64,818,465,528,1811
65,396,16,752,1164
66,224,645,727,1596
67,512,252,862,1626
68,718,77,727,1522
69,170,213,675,1058
70,899,165,859,1923
71,712,870,41,1623
72,951,299,509,1759
73,271,224,51,546
74,602,799,794,2195
75,540,101,769,1410
76,752,424,579,1755
77,172,521,200,893
78,403,633,977,2013
79,323,881,124,1328
80,622,236,68,926
81,713,159,211,1083
82,402,601,550,1553
83,229,585,956,1770
84,448,47,929,1424
85,155,658,71,884
86,526,920,179,1625
87,779,71,432,1282
88,236,409,128,773
89,925,382,780,2087
90,10,829,212,1051
91,637,585,687,1909
92,93,929,759,1781
93,156,962,193,1311
94,399,520,986,1905
95,942,776,351,2069
96,526,180,97,803
97,895,140,710,1745
98,129,188,727,1044
99,584,919,313,1816
100,945,952,754,2651
101,31,948,411,1390
102,268,410,763,1441
103,273,18,121,412
104,982,733,504,2219
105,107,328,496,931
106,277,664,294,1235
107,392,401,50,843
108,503,817,610,1930
109,157,856,68,1081
110,689,999,154,1842
111,759,948,199,1906
112,867,206,969,2042
113,581,874,589,2044
114,669,811,966,2446
115,317,434,943,1694
116,257,275,611,1143
117,214,787,360,1361
118,81,235,122,438
119,638,519,502,1659
120,586,649,334,1569
121,863,80,768,1711
122,659,493,371,1523
123,277,439,301,1017
124,515,93,274,882
125,798,905,312,2015
126,910,279,423,1612
127,293,978,981,2252
128,167,876,477,1520
129,147,186,156,489
130,282,165,581,1028
131,610,991,369,1970
132,740,402,888,2030
133,729,976,229,1934
134,880,895,416,2191
135,32,476,855,1363
136,961,17,817,1795
137,38,282,331,651
138,960,784,71,1815
139,244,184,609,1037
140,496,497,624,1617
141,321,331,593,1245
142,837,466,721,2024
143,515,140,531,1186
144,627,382,649,1658
145,956,918,844,2718
146,443,395,498,1336
147,730,375,63,1168
148,89,803,85,977
149,400,627,796,1823
150,639,214,217,1070
151,218,318,115,651
152,396,50,220,666
153,218,253,744,1215
154,327,882,931,2140
155,849,838,481,2168
156,889,212,605,1706
157,367,370,720,1457
158,804,876,391,2071
159,787,450,575,1812
160,536,28,425,989
161,811,93,345,1249
162,828,762,910,2500
163,195,561,948,1704
164,433,864,895,2192
165,235,886,112,1233
166,24,318,371,713
167,726,162,291,1179
168,545,536,227,1308
169,36,257,518,811
170,479,409,388,1276
171,695,78,235,1008
172,789,144,524,1457
173,942,596,278,1816
174,378,877,418,1673
175,723,976,899,2598
176,240,612,654,1506
177,568,874,91,1533
178,348,748,752,1848
179,537,788,326,1651
180,832,740,892,2464
181,43,227,306,576
182,641,721,683,2045
183,691,642,727,2060
184,391,116,280,787
185,72,620,723,1415
186,573,353,660,1586
187,374,701,407,1482
188,182,704,537,1423
189,630,588,822,2040
190,575,821,527,1923
191,381,168,416,965
192,617,610,586,1813
193,274,735,517,1526
194,670,599,166,1435
195,675,851,721,2247
196,200,375,538,1113
197,202,713,874,1789
198,646,373,695,1714
199,609,121,231,961
200,626,829,686,2141
